[inter-daily-breakdown]
east = 0.400000
west = 0.400000

[intra-daily-modulation]
east = 2.000000
west = 2.000000

[inter-monthly-breakdown]
east = 1.000000
west = 1.000000

