[inter-daily-breakdown]
east = 0.000000
north = 0.000000
south = 0.000000
west = 0.000000

[intra-daily-modulation]
east = 2.000000
north = 2.000000
south = 2.000000
west = 2.000000

[inter-monthly-breakdown]
east = 1.000000
north = 1.000000
south = 1.000000
west = 1.000000

