[inter-daily-breakdown]
east = 0.500000
north = 0.500000
south = 0.500000
west = 0.500000

[intra-daily-modulation]
east = 6.000000
north = 6.000000
south = 6.000000
west = 6.000000

[inter-monthly-breakdown]
east = 1.000000
north = 1.000000
south = 1.000000
west = 1.000000

